// Game: WillYouHuman
// Format: Standard
// entity 0
{
"classname" "worldspawn"
"_tb_textures" "textures"
// brush 0
{
( 0 0 16 ) ( 0 1 16 ) ( 0 0 17 ) wall1 0 0 90 1 1
( 0 0 16 ) ( 0 0 17 ) ( 1 0 16 ) wall1 0 0 90 1 1
( 0 0 16 ) ( 1 0 16 ) ( 0 1 16 ) wall1 0 0 90 1 1
( 64 64 32 ) ( 64 65 32 ) ( 65 64 32 ) wall1 0 0 90 1 1
( 64 64 32 ) ( 65 64 32 ) ( 64 64 33 ) wall1 0 0 90 1 1
( 64 64 32 ) ( 64 64 33 ) ( 64 65 32 ) wall1 0 0 90 1 1
}
// brush 1
{
( 16 -48 16 ) ( 16 -47 16 ) ( 16 -48 17 ) floor1 0 0 0 0.5 0.5
( 16 -48 16 ) ( 16 -48 17 ) ( 17 -48 16 ) floor1 0 0 0 0.5 0.5
( 16 -48 16 ) ( 17 -48 16 ) ( 16 -47 16 ) floor1 0 0 0 0.5 0.5
( 64 0 32 ) ( 64 1 32 ) ( 65 0 32 ) floor1 0 0 0 0.5 0.5
( 64 0 32 ) ( 65 0 32 ) ( 64 0 33 ) floor1 0 0 0 0.5 0.5
( 64 0 32 ) ( 64 0 33 ) ( 64 1 32 ) floor1 0 0 0 0.5 0.5
}
// brush 2
{
( -32 64 16 ) ( 0 64 32 ) ( 0 0 32 ) wall1 0 0 90 0.5 0.5
( -32 0 16 ) ( 0 0 32 ) ( 0 0 16 ) wall1 0 0 90 0.5 0.5
( 0 0 16 ) ( 0 64 16 ) ( -32 64 16 ) wall1 0 0 90 0.5 0.5
( 0 64 16 ) ( 0 64 32 ) ( -32 64 16 ) wall1 0 0 90 0.5 0.5
( 0 0 32 ) ( 0 64 32 ) ( 0 64 16 ) wall1 0 0 90 0.5 0.5
}
// brush 3
{
( -64 -64 -16 ) ( -64 -63 -16 ) ( -64 -64 -15 ) floor1 0 0 0 0.5 0.5
( -64 -64 -16 ) ( -64 -64 -15 ) ( -63 -64 -16 ) floor1 0 0 0 0.5 0.5
( -64 -64 -16 ) ( -63 -64 -16 ) ( -64 -63 -16 ) floor1 0 0 0 0.5 0.5
( 64 64 16 ) ( 64 65 16 ) ( 65 64 16 ) floor1 0 0 0 0.5 0.5
( 64 64 16 ) ( 65 64 16 ) ( 64 64 17 ) floor1 0 0 0 0.5 0.5
( 64 64 16 ) ( 64 64 17 ) ( 64 65 16 ) floor1 0 0 0 0.5 0.5
}
// brush 4
{
( -64 -288 -16 ) ( -64 -287 -16 ) ( -64 -288 -15 ) floor1 0 0 0 0.5 0.5
( -64 -288 -16 ) ( -64 -288 -15 ) ( -63 -288 -16 ) floor1 0 0 0 0.5 0.5
( -64 -288 -16 ) ( -63 -288 -16 ) ( -64 -287 -16 ) floor1 0 0 0 0.5 0.5
( 64 -64 16 ) ( 64 -63 16 ) ( 65 -64 16 ) floor1 0 0 0 0.5 0.5
( 64 -64 16 ) ( 65 -64 16 ) ( 64 -64 17 ) floor1 0 0 0 0.5 0.5
( 64 -64 16 ) ( 64 -64 17 ) ( 64 -63 16 ) floor1 0 0 0 0.5 0.5
}
// brush 5
{
( -288 -288 -16 ) ( -288 -287 -16 ) ( -288 -288 -15 ) floor1 0 0 0 0.5 0.5
( -288 -288 -16 ) ( -288 -288 -15 ) ( -287 -288 -16 ) floor1 0 0 0 0.5 0.5
( -288 -288 -16 ) ( -287 -288 -16 ) ( -288 -287 -16 ) floor1 0 0 0 0.5 0.5
( -64 64 16 ) ( -64 65 16 ) ( -63 64 16 ) floor1 0 0 0 0.5 0.5
( -64 64 16 ) ( -63 64 16 ) ( -64 64 17 ) floor1 0 0 0 0.5 0.5
( -64 64 16 ) ( -64 64 17 ) ( -64 65 16 ) floor1 0 0 0 0.5 0.5
}
// brush 6
{
( 64 -288 -16 ) ( 64 -287 -16 ) ( 64 -288 -15 ) floor1 0 0 0 0.5 0.5
( 64 -288 -16 ) ( 64 -288 -15 ) ( 65 -288 -16 ) floor1 0 0 0 0.5 0.5
( 64 -288 -16 ) ( 65 -288 -16 ) ( 64 -287 -16 ) floor1 0 0 0 0.5 0.5
( 240 64 16 ) ( 240 65 16 ) ( 241 64 16 ) floor1 0 0 0 0.5 0.5
( 240 64 16 ) ( 241 64 16 ) ( 240 64 17 ) floor1 0 0 0 0.5 0.5
( 240 64 16 ) ( 240 64 17 ) ( 240 65 16 ) floor1 0 0 0 0.5 0.5
}
// brush 7
{
( -288 64 -16 ) ( -288 65 -16 ) ( -288 64 -15 ) floor1 0 0 0 0.5 0.5
( -288 64 -16 ) ( -288 64 -15 ) ( -287 64 -16 ) floor1 0 0 0 0.5 0.5
( -288 64 -16 ) ( -287 64 -16 ) ( -288 65 -16 ) floor1 0 0 0 0.5 0.5
( 240 288 16 ) ( 240 289 16 ) ( 241 288 16 ) floor1 0 0 0 0.5 0.5
( 240 288 16 ) ( 241 288 16 ) ( 240 288 17 ) floor1 0 0 0 0.5 0.5
( 240 288 16 ) ( 240 288 17 ) ( 240 289 16 ) floor1 0 0 0 0.5 0.5
}
}
